$ANSIBLE_VAULT;1.1;AES256
30373861643435376362336664616563386638353164353764663832356333376564323836353764
3263363933316336343134393035353139663266613165660a616331343037633863313834346337
33366434613630346433643932326364363339356538356235653165366362633039393136383332
6666663834663334640a396138313536323137373139386635636130323238333139326434613530
64663638326362666534633735636431393036646466383136386266346635643234353636333833
34396561363633336363393966616566333339326232366538366132346238636566663536323534
61333634333937316663626262646532383866343733643666623665363135346639336333616236
65373264353366336433393730306461326162343632653333653432393462396662623566646638
39343531306537316539323663643933643966313465373961656464633137626264353638613939
34323534636465623666306465306238656130393234663032343934323131373263316239353366
393632666565336439653763356436643930
